$PDP,10,0,L,S,-0000,32892.8359,00000.4300,374,002,00000.8999,32864.3906,32895.5820,00070.1185,9-01,00017.0000,-0001,-0001,-0001,-0146,trace,0007378-70*55
$PDP,10,0,L,S,+0005,32891.5390,00000.4300,374,002,00000.8999,32864.3906,32896.2460,00067.0023,9-01,00046.0000,-0001,-0001,-0001,+0015,trace,0007453-71*55
$PDP,10,0,L,S,+0009,32893.3789,00000.4300,369,002,00000.8999,32877.4335,32896.7109,00065.6127,9-01,00062.0000,-0001,-0001,-0001,-0730,trace,0007528-72*55
$PDP,10,0,L,S,+0001,32886.5117,00000.4199,372,002,00000.8999,32877.4335,32897.1054,00064.3207,9-01,00049.0000,-0001,-0001,-0001,+0553,trace,0007604-73*55
$PDP,10,0,L,S,+0005,32890.4023,00000.4199,362,002,00000.8999,32877.4335,32897.4492,00063.0721,9-01,00060.0000,-0001,-0001,-0001,+0223,trace,0007679-73*55
$PDP,10,0,L,S,-0007,32886.4414,00000.4199,369,002,00000.8999,32877.4335,32898.2070,00060.8396,9-01,00056.0000,-0001,-0001,-0001,-0184,trace,0007754-74*55
$PDP,10,0,L,S,-0007,32889.0429,00000.4199,372,002,00000.8999,32877.4335,32898.5507,00059.8029,9-01,00096.0000,-0001,-0001,-0001,-0269,trace,0007830-75*55
$PDP,10,0,L,S,+0007,32897.2812,00000.4199,372,002,00000.8999,32877.4335,32898.9023,00058.7624,9-01,00072.0000,-0001,-0001,-0001,-0715,trace,0007905-76*55
$PDP,10,0,L,S,+0002,32895.1250,00000.4199,367,002,00000.8999,32877.4335,32899.5273,00056.6278,9-01,00088.0000,-0001,-0001,-0001,-0330,trace,0007980-76*55
$PDP,10,0,L,S,+0002,32894.9453,00000.4199,367,002,00000.8999,32877.4335,32899.9218,00055.4900,9-01,00006.0000,-0001,-0001,-0001,-0338,trace,0008055-77*55
$PDP,10,0,L,S,-0006,32895.8828,00000.4199,369,002,00000.8999,32877.4335,32900.2460,00054.3938,9-01,00012.0000,-0001,-0001,-0001,-0300,trace,0008131-78*55
$PDP,10,0,L,S,-0001,32893.8828,00000.4199,374,002,00000.8999,32877.4335,32900.6250,00053.2951,9-01,00012.0000,-0001,-0001,-0001,-0100,trace,0008206-79*55
$PDP,10,0,L,S,-0002,32897.9101,00000.4199,364,002,00000.8999,32877.4335,32901.2500,00051.2031,9-01,00009.0000,-0001,-0001,-0001,-0323,trace,0008281-79*55
$PDP,10,0,L,S,+0001,32896.5000,00000.4199,374,002,00000.8999,32877.4335,32901.5117,00050.2354,9-01,00050.0000,-0001,-0001,-0001,-0092,trace,0008356-80*55
$PDP,10,0,L,S,-0002,32898.6250,00000.3499,364,002,00000.8999,32887.3164,32901.8085,00049.3035,9-01,00038.0000,-0001,-0001,-0001,-0276,trace,0008432-81*55
$PDP,10,0,L,S,-0010,32895.6679,00000.3499,367,002,00000.8999,32887.3164,32902.1601,00048.4408,9-01,00034.0000,-0001,-0001,-0001,-0030,trace,0008507-82*55
$PDP,10,0,L,S,+0003,32898.4687,00000.3499,367,002,00000.8999,32887.3164,32902.8984,00046.9142,9-01,00053.0000,-0001,-0001,-0001,-0161,trace,0008582-82*55
$PDP,10,0,L,S,-0005,32898.4492,00000.3499,364,002,00000.8999,32887.3164,32903.2304,00046.2551,9-01,00055.0000,-0001,-0001,-0001,-0076,trace,0008658-83*55
$PDP,10,0,L,S,+0004,32896.9101,00000.3499,362,002,00000.8999,32887.3164,32903.5820,00045.5756,9-01,00009.0000,-0001,-0001,-0001,+0046,trace,0008733-84*55
$PDP,10,0,L,S,-0000,32900.0546,00000.3000,369,002,00000.8999,32887.3164,32903.9140,00044.8794,9-01,00095.0000,-0001,-0001,-0001,-0207,trace,0008808-85*55
$PDP,10,0,L,S,+0002,32898.1523,00000.3000,364,002,00000.8999,32887.3164,32904.4765,00043.5665,9-01,00085.0000,-0001,-0001,-0001,+0007,trace,0008883-85*55
$PDP,10,0,L,S,-0000,32896.7539,00000.3000,364,002,00000.8999,32887.3164,32904.8164,00042.9005,9-01,00025.0000,-0001,-0001,-0001,+0015,trace,0008959-86*55
$PDP,10,0,L,S,-0012,32899.2656,00000.3000,367,002,00000.8999,32887.3164,32905.0937,00042.2101,9-01,00074.0000,-0001,-0001,-0001,-0200,trace,0009034-87*55
$PDP,10,0,L,S,+0001,32901.2421,00000.3000,364,002,00000.8999,32887.3164,32905.3007,00041.4967,9-01,00076.0000,-0001,-0001,-0001,-0192,trace,0009109-88*55
$PDP,10,0,L,S,-0006,32901.0820,00000.3000,364,002,00000.8999,32887.3164,32905.6679,00039.9888,9-01,00092.0000,-0001,-0001,-0001,-0023,trace,0009184-88*55
$PDP,10,0,L,S,-0002,32900.6640,00000.3000,364,002,00000.8999,32887.3164,32905.9570,00039.2434,9-01,00034.0000,-0001,-0001,-0001,+0146,trace,0009260-89*55
$PDP,10,0,L,S,-0001,32903.7031,00000.3000,367,002,00000.8999,32894.6992,32906.1757,00038.4902,9-01,00030.0000,-0001,-0001,-0001,-0230,trace,0009335-90*55
$PDP,10,0,L,S,-0001,32901.8085,00000.3000,364,002,00000.8999,32894.6992,32906.4179,00037.7662,9-01,00020.0000,-0001,-0001,-0001,+0069,trace,0009410-91*55
$PDP,10,0,L,S,-0001,32901.0390,00000.3000,364,002,00000.8999,32894.6992,32906.9101,00036.4118,9-01,00096.0000,-0001,-0001,-0001,-0161,trace,0009485-91*55
$PDP,10,0,L,S,+0002,32903.7812,00000.3000,369,002,00000.8999,32894.6992,32907.0781,00035.7202,9-01,00022.0000,-0001,-0001,-0001,-0023,trace,0009561-92*55
$PDP,10,0,L,S,-0007,32902.1406,00000.3000,362,002,00000.8999,32894.6992,32907.1562,00034.9827,9-01,00086.0000,-0001,-0001,-0001,-0130,trace,0009636-93*55
$PDP,10,0,L,S,-0007,32905.1289,00000.3000,364,002,00000.8999,32894.6992,32907.2031,00034.2496,9-01,00087.0000,-0001,-0001,-0001,-0276,trace,0009711-94*55
$PDP,10,0,L,S,-0003,32903.3203,00000.3000,374,002,00000.8999,32894.6992,32907.4726,00032.7926,9-01,00068.0000,-0001,-0001,-0001,-0069,trace,0009787-94*55
$PDP,10,0,L,S,-0005,32902.3281,00000.3000,362,002,00000.8999,32894.6992,32907.6562,00032.0576,9-01,00068.0000,-0001,-0001,-0001,+0123,trace,0009862-95*55
$PDP,10,0,L,S,-0005,32906.4843,00000.3000,369,002,00000.8999,32894.6992,32907.8281,00031.3260,9-01,00052.0000,-0001,-0001,-0001,-0284,trace,0009937-96*55
$PDP,10,0,L,S,+0008,32901.9843,00000.3000,364,002,00000.8999,32894.6992,32908.0429,00030.6297,9-01,00002.0000,-0001,-0001,-0001,+0107,trace,0010012-97*55
$PDP,10,0,L,S,-0011,32903.2695,00000.3000,364,002,00000.8999,32894.6992,32908.4570,00029.4157,9-01,00073.0000,-0001,-0001,-0001,+0007,trace,0010088-97*55
$PDP,10,0,L,S,+0002,32904.0156,00000.3000,374,002,00000.8999,32894.6992,32908.6757,00028.9104,9-01,00099.0000,-0001,-0001,-0001,-0000,trace,0010163-98*55
$PDP,10,0,L,S,+0004,32907.4492,00000.3000,367,002,00000.8999,32900.4414,32908.8281,00028.4067,9-01,00055.0000,-0001,-0001,-0001,-0207,trace,0010238-99*55
$PDP,10,0,L,S,-0001,32905.0273,00000.3000,367,002,00000.8999,32900.4414,32909.0625,00027.8990,9-01,00098.0000,-0001,-0001,-0001,+0015,trace,0010313-99*55
$PDP,10,0,L,S,-0008,32906.2812,00000.3000,362,002,00000.8999,32900.4414,32909.3554,00026.9181,9-01,00072.0000,-0001,-0001,-0001,-0161,trace,0010389-99*55
$PDP,10,0,L,S,-0006,32906.4648,00000.3000,367,002,00000.8999,32900.4414,32909.4804,00026.4188,9-01,00054.0000,-0001,-0001,-0001,-0138,trace,0010464-99*55
$PDP,10,0,L,S,+0001,32907.8203,00000.3000,357,002,00000.8999,32900.4414,32909.6367,00025.9153,9-01,00018.0000,-0001,-0001,-0001,-0200,trace,0010539-99*55
$PDP,10,0,L,S,-0006,32908.4257,00000.3000,367,002,00000.8999,32900.4414,32909.7656,00025.4201,9-01,00058.0000,-0001,-0001,-0001,-0176,trace,0010615-99*55
$PDP,10,0,L,S,+0007,32908.4531,00000.3000,369,002,00000.8999,32900.4414,32910.0703,00024.4901,9-01,00055.0000,-0001,-0001,-0001,-0038,trace,0010690-99*55
$PDP,10,0,L,S,-0009,32908.0546,00000.3000,372,002,00000.8999,32900.4414,32910.2187,00024.0675,9-01,00095.0000,-0001,-0001,-0001,-0053,trace,0010765-99*55
$PDP,10,0,L,S,+0009,32907.6875,00000.3000,369,003,00000.8999,32900.4414,32910.4414,00023.6843,9-01,00032.0000,-0001,-0001,-0001,+0061,trace,0010840-99*55
$PDP,10,0,L,S,-0005,32905.5820,00000.3000,364,003,00000.8999,32900.4414,32910.6640,00023.3381,9-01,00042.0000,-0001,-0001,-0001,+0223,trace,0010916-99*55
$PDP,10,0,L,S,-0002,32906.6679,00000.3000,369,003,00000.8999,32900.4414,32910.9492,00022.6938,9-01,00034.0000,-0001,-0001,-0001,+0023,trace,0010991-99*55
$PDP,10,0,L,S,+0003,32905.3945,00000.3000,369,003,00000.8999,32900.4414,32911.0937,00022.3366,9-01,00061.0000,-0001,-0001,-0001,+0069,trace,0011066-99*55
$PDP,10,0,L,S,-0004,32906.9492,00000.3000,374,003,00000.8999,32904.7070,32919.9609,00037.9869,9-01,00005.0000,-0001,-0001,-0001,-0115,trace,0011141-99*55
$PDP,10,0,L,S,+0004,32910.6132,00000.3000,364,003,00000.8999,32904.7070,32919.8125,00037.1952,9-01,00039.0000,-0001,-0001,-0001,-0423,trace,0011217-99*55
$PDP,10,0,L,S,+0005,32910.7460,00000.3000,367,003,00000.8999,32904.7070,32919.6250,00035.7446,9-01,00026.0000,-0001,-0001,-0001,-0307,trace,0011292-99*55
$PDP,10,0,L,S,-0011,32911.8007,00000.3000,362,003,00000.8999,32904.7070,32919.6250,00035.1233,9-01,00020.0000,-0001,-0001,-0001,-0353,trace,0011367-99*55
$PDP,10,0,L,S,-0005,32913.4257,00000.3000,364,003,00000.8999,32904.7070,32919.6679,00034.5229,9-01,00058.0000,-0001,-0001,-0001,-0230,trace,0011442-99*55
$PDP,10,0,L,S,+0001,32912.8320,00000.3000,357,003,00000.8999,32904.7070,32919.6679,00033.8967,9-01,00017.0000,-0001,-0001,-0001,-0223,trace,0011518-99*55
$PDP,10,0,L,S,+0010,32910.5664,00000.3000,369,003,00000.8999,32904.7070,32919.8398,00032.7807,9-01,00044.0000,-0001,-0001,-0001,+0069,trace,0011593-99*55
$PDP,10,0,L,S,-0008,32910.6601,00000.3000,364,003,00000.8999,32904.7070,32919.8359,00032.2240,9-01,00034.0000,-0001,-0001,-0001,-0169,trace,0011668-99*55
$PDP,10,0,L,S,+0006,32913.4960,00000.3000,362,003,00000.8999,32904.7070,32919.8398,00031.6222,9-01,00051.0000,-0001,-0001,-0001,-0176,trace,0011744-99*55
$PDP,10,0,L,S,+0003,32914.2695,00000.3000,359,003,00000.8999,32904.7070,32919.7734,00031.0346,9-01,00073.0000,-0001,-0001,-0001,-0353,trace,0011819-99*55
$PDP,10,0,L,S,+0004,32912.7539,00000.3000,367,003,00000.8999,32904.7070,32919.7929,00030.0320,9-01,00025.0000,-0001,-0001,-0001,-0223,trace,0011894-99*55
$PDP,10,0,L,S,+0006,32909.9765,00000.3000,367,003,00000.8999,32904.7070,32919.8945,00029.5870,9-01,00003.0000,-0001,-0001,-0001,+0176,trace,0011969-99*55
$PDP,10,0,L,S,-0002,32913.0859,00000.3000,367,003,00000.8999,32908.3554,32919.9296,00029.1185,9-01,00092.0000,-0001,-0001,-0001,-0300,trace,0012045-99*55
$PDP,10,0,L,S,+0008,32912.3046,00000.3000,369,003,00000.8999,32908.3554,32919.8984,00028.1560,9-01,00070.0000,-0001,-0001,-0001,-0015,trace,0012120-99*55
$PDP,10,0,L,S,+0007,32912.7890,00000.3000,372,003,00000.8999,32908.3554,32919.8750,00027.6916,9-01,00021.0000,-0001,-0001,-0001,-0038,trace,0012195-99*55
$PDP,10,0,L,S,+0003,32912.4101,00000.3000,367,003,00000.8999,32908.3554,32919.9023,00027.2156,9-01,00059.0000,-0001,-0001,-0001,-0076,trace,0012270-99*55
$PDP,10,0,L,S,-0006,32916.1640,00000.3000,364,003,00000.8999,32908.3554,32919.9335,00026.7778,9-01,00084.0000,-0001,-0001,-0001,-0307,trace,0012346-99*55
$PDP,10,0,L,S,+0008,32915.4218,00000.3000,367,003,00000.8999,32908.3554,32919.9453,00025.9048,9-01,00058.0000,-0001,-0001,-0001,-0115,trace,0012421-99*55
$PDP,10,0,L,S,-0004,32914.2929,00000.3000,359,003,00000.8999,32908.3554,32920.0507,00025.5277,9-01,00071.0000,-0001,-0001,-0001,+0084,trace,0012496-99*55
$PDP,10,0,L,S,-0004,32911.5859,00000.3000,364,003,00000.8999,32908.3554,32920.1484,00025.1680,9-01,00042.0000,-0001,-0001,-0001,+0330,trace,0012572-99*55
$PDP,10,0,L,S,-0006,32911.0820,00000.3000,367,003,00000.8999,32908.3554,32920.2148,00024.7750,9-01,00092.0000,-0001,-0001,-0001,+0207,trace,0012647-99*55
$PDP,10,0,L,S,-0001,32913.4804,00000.3000,367,003,00000.8999,32908.3554,32920.2890,00023.9416,9-01,00052.0000,-0001,-0001,-0001,-0161,trace,0012722-99*55
$PDP,10,0,L,S,-0006,32915.1367,00000.3000,369,003,00000.8999,32908.3554,32920.2500,00023.4954,9-01,00087.0000,-0001,-0001,-0001,-0176,trace,0012797-99*55
$PDP,10,0,L,S,+0001,32918.0351,00000.3000,362,003,00000.8999,32908.3554,32920.1953,00023.0589,9-01,00097.0000,-0001,-0001,-0001,-0438,trace,0012873-99*55
$PDP,10,0,L,S,-0007,32913.2773,00000.3000,367,003,00000.8999,32911.4531,32920.1601,00022.6521,9-01,00073.0000,-0001,-0001,-0001,+0030,trace,0012948-99*55
$PDP,10,0,L,S,+0003,32914.0039,00000.3000,367,003,00000.8999,32911.4531,32920.2812,00021.9823,9-01,00100.0000,-0001,-0001,-0001,+0084,trace,0013023-99*55
$PDP,10,0,L,S,-0002,32913.0429,00000.3000,374,003,00000.8999,32911.4531,32920.3476,00021.6196,9-01,00096.0000,-0001,-0001,-0001,+0184,trace,0013098-99*55
$PDP,10,0,L,S,+0003,32911.7265,00000.3000,362,003,00000.8999,32911.4531,32920.3789,00021.1935,9-01,00028.0000,-0001,-0001,-0001,+0207,trace,0013174-99*55
$PDP,10,0,L,S,-0008,32913.1953,00000.3000,374,003,00000.8999,32911.4531,32920.3867,00020.7970,9-01,00081.0000,-0001,-0001,-0001,+0053,trace,0013249-99*55
$PDP,10,0,L,S,+0008,32912.1054,00000.3000,367,003,00000.8999,32911.4531,32920.3320,00020.0404,9-01,00090.0000,-0001,-0001,-0001,+0138,trace,0013324-99*55
$PDP,10,0,L,S,+0007,32913.4453,00000.3000,367,003,00000.8999,32911.4531,32920.3828,00019.7297,9-01,00056.0000,-0001,-0001,-0001,+0023,trace,0013399-99*55
$PDP,10,0,L,S,-0008,32915.6132,00000.3000,369,003,00000.8999,32911.4531,32920.3632,00019.3838,9-01,00039.0000,-0001,-0001,-0001,-0292,trace,0013475-99*55
$PDP,10,0,L,S,-0010,32916.6093,00000.3000,372,003,00000.8999,32911.4531,32920.2851,00018.9940,9-01,00039.0000,-0001,-0001,-0001,+0007,trace,0013550-99*55
$PDP,10,0,L,S,+0003,32915.4140,00000.3000,367,003,00000.8999,32911.4531,32920.3320,00018.3853,9-01,00059.0000,-0001,-0001,-0001,+0084,trace,0013625-99*55
$PDP,10,0,L,S,-0008,32914.8085,00000.3000,369,003,00000.8999,32911.4531,32920.4218,00018.1553,9-01,00020.0000,-0001,-0001,-0001,-0038,trace,0013701-99*55
$PDP,10,0,L,S,+0004,32915.6679,00000.3000,367,003,00000.8999,32911.4531,32920.5000,00017.8825,9-01,00034.0000,-0001,-0001,-0001,+0023,trace,0013776-99*55
$PDP,10,0,L,S,-0009,32915.9375,00000.3000,372,003,00000.8999,32913.9687,32920.5664,00017.6261,9-01,00007.0000,-0001,-0001,-0001,-0046,trace,0013851-99*55
$PDP,10,0,L,S,-0004,32917.6289,00000.3000,377,003,00000.8999,32913.9687,32920.6406,00017.0883,9-01,00037.0000,-0001,-0001,-0001,-0253,trace,0013926-99*55
$PDP,10,0,L,S,+0001,32917.7226,00000.3000,374,003,00000.8999,32913.9687,32920.6250,00016.7709,9-01,00028.0000,-0001,-0001,-0001,-0030,trace,0014002-99*55
$PDP,10,0,L,S,+0007,32916.1054,00000.3000,364,003,00000.8999,32913.9687,32920.6718,00016.5118,9-01,00090.0000,-0001,-0001,-0001,+0107,trace,0014077-99*55
$PDP,10,0,L,S,-0004,32916.9843,00000.3000,364,003,00000.8999,32913.9687,32920.7734,00016.3074,9-01,00002.0000,-0001,-0001,-0001,-0030,trace,0014152-99*55
$PDP,10,0,L,S,-0009,32916.2578,00000.3000,362,003,00000.8999,32913.9687,32920.9140,00015.9022,9-01,00075.0000,-0001,-0001,-0001,-0015,trace,0014227-99*55
$PDP,10,0,L,S,-0011,32917.4687,00000.3000,377,003,00000.8999,32913.9687,32920.9140,00015.6399,9-01,00053.0000,-0001,-0001,-0001,-0115,trace,0014303-99*55
$PDP,10,0,L,S,+0004,32915.9414,00000.3000,369,003,00000.8999,32913.9687,32920.9101,00015.4111,9-01,00006.0000,-0001,-0001,-0001,+0030,trace,0014378-99*55
$PDP,10,0,L,S,+0007,32918.9179,00000.3000,369,004,00000.8999,32913.9687,32920.9648,00015.2190,9-01,00009.0000,-0001,-0001,-0001,-0084,trace,0014453-99*55
$PDP,10,0,L,S,-0006,32917.5078,00000.3000,369,004,00000.8999,32913.9687,32920.9765,00014.7047,9-01,00050.0000,-0001,-0001,-0001,-0030,trace,0014529-99*55
$PDP,10,0,L,S,-0003,32917.8164,00000.3000,362,004,00000.8999,32913.9687,32921.0546,00014.4721,9-01,00019.0000,-0001,-0001,-0001,-0046,trace,0014604-99*55
$PDP,10,0,L,S,-0001,33069.8437,00000.3000,545,002,00000.6999,33062.1875,33073.3359,00027.6545,9-02,00016.0000,-0001,-0001,-0001,+0184,trace,0007374-70*55
$PDP,10,0,L,S,+0006,32918.1640,00000.3000,367,004,00000.8999,32913.9687,32921.1757,00014.3402,9-01,00084.0000,-0001,-0001,-0001,+0076,trace,0014679-99*55
$PDP,10,0,L,S,-0007,32919.1093,00000.3000,372,004,00000.8999,32916.0117,32921.3320,00014.2444,9-01,00089.0000,-0001,-0001,-0001,-0115,trace,0014754-99*55
$PDP,10,0,L,S,-0006,32916.1796,00000.3000,372,004,00000.8999,32916.0117,32921.5781,00013.8941,9-01,00082.0000,-0001,-0001,-0001,+0061,trace,0014830-99*55
$PDP,10,0,L,S,+0006,32919.0703,00000.3000,369,004,00000.8999,32916.0117,32921.6835,00013.6935,9-01,00093.0000,-0001,-0001,-0001,+0269,trace,0014905-99*55
$PDP,10,0,L,S,+0006,32919.2578,00000.3000,367,004,00000.8999,32916.0117,32921.7500,00013.5171,9-01,00075.0000,-0001,-0001,-0001,+0223,trace,0014980-99*55
$PDP,10,0,L,S,-0001,32925.4531,00000.3000,369,004,00000.8999,32916.0117,32921.7695,00013.2880,9-01,00055.0000,-0001,-0001,-0001,-0407,trace,0015055-99*55
$PDP,10,0,L,S,+0005,32915.9609,00000.3000,374,004,00000.8999,32916.0117,32921.7578,00012.8368,9-01,00004.0000,-0001,-0001,-0001,+0361,trace,0015131-99*55
$PDP,10,0,L,S,-0003,32921.9843,00000.3000,367,004,00000.8999,32916.0117,32921.8085,00012.6842,9-01,00002.0000,-0001,-0001,-0001,-0161,trace,0015206-99*55
$PDP,10,0,L,S,-0002,32916.4335,00000.3000,377,004,00000.8999,32916.0117,32921.9218,00012.5837,9-01,00057.0000,-0001,-0001,-0001,+0023,trace,0015281-99*55
$PDP,10,0,L,S,-0003,32916.8242,00000.3000,372,004,00000.8999,32916.0117,32921.8906,00012.2982,9-01,00018.0000,-0001,-0001,-0001,-0138,trace,0015356-99*55
$PDP,10,0,L,S,+0006,32919.7187,00000.3000,362,004,00000.8999,32916.0117,32922.2578,00012.2013,9-01,00028.0000,-0001,-0001,-0001,-0053,trace,0015432-99*55
$PDP,10,0,L,S,+0006,32920.6992,00000.3000,369,004,00000.8999,32916.0117,32922.2187,00012.0130,9-01,00030.0000,-0001,-0001,-0001,-0138,trace,0015507-99*55
$PDP,10,0,L,S,-0007,32920.0625,00000.3000,359,004,00000.8999,32916.0117,32922.2421,00011.8657,9-01,00094.0000,-0001,-0001,-0001,-0000,trace,0015582-99*55
$PDP,10,0,L,S,-0007,32920.2773,00000.3000,362,004,00000.8999,32918.1054,32922.3007,00011.7500,9-01,00073.0000,-0001,-0001,-0001,-0023,trace,0015658-99*55
$PDP,10,0,L,S,-0005,32920.0625,00000.3000,364,004,00000.8999,32918.1054,32922.5429,00011.5853,9-01,00094.0000,-0001,-0001,-0001,-0023,trace,0015733-99*55
$PDP,10,0,L,S,-0000,32919.7460,00000.3000,362,004,00000.8999,32918.1054,32922.6445,00011.5210,9-01,00026.0000,-0001,-0001,-0001,+0061,trace,0015808-99*55
$PDP,10,0,L,S,-0003,32920.0234,00000.3000,367,004,00000.8999,32918.1054,32922.7226,00011.3990,9-01,00098.0000,-0001,-0001,-0001,-0238,trace,0015883-99*55
$PDP,10,0,L,S,-0006,32923.9648,00000.3000,369,004,00000.8999,32918.1054,32922.7695,00011.2711,9-01,00004.0000,-0001,-0001,-0001,-0423,trace,0015959-99*55
$PDP,10,0,L,S,+0010,32919.9453,00000.3000,372,004,00000.8999,32918.1054,32922.9218,00011.0429,9-01,00006.0000,-0001,-0001,-0001,-0230,trace,0016034-99*55
$PDP,10,0,L,S,-0007,32922.5664,00000.3000,364,004,00000.8999,32918.1054,32922.9882,00010.9478,9-01,00044.0000,-0001,-0001,-0001,-0407,trace,0016109-99*55
$PDP,10,0,L,S,-0006,32919.1835,00000.3000,362,004,00000.8999,32918.1054,32923.0742,00010.8837,9-01,00082.0000,-0001,-0001,-0001,-0053,trace,0016184-99*55
$PDP,10,0,L,S,-0007,32922.3867,00000.3000,372,004,00000.8999,32918.1054,32923.3085,00010.7434,9-01,00062.0000,-0001,-0001,-0001,-0361,trace,0016260-99*55
$PDP,10,0,L,S,-0000,32916.9375,00000.3000,367,004,00000.8999,32918.1054,32923.3281,00010.5497,9-01,00007.0000,-0001,-0001,-0001,+0530,trace,0016335-99*55
$PDP,10,0,L,S,+0004,32921.7890,00000.3000,377,004,00000.8999,32918.1054,32923.3632,00010.3941,9-01,00021.0000,-0001,-0001,-0001,+0223,trace,0016410-99*55
$PDP,10,0,L,S,-0000,32915.6132,00000.3000,364,004,00000.8999,32918.1054,32923.5429,00010.3799,9-01,00039.0000,-0001,-0001,-0001,+0276,trace,0016486-99*55
$PDP,10,0,L,S,+0001,32913.6484,00000.3000,369,004,00000.8999,32920.2500,32923.5976,00010.1505,9-01,00036.0000,-0001,-0001,-0001,+0469,trace,0016561-99*55
$PDP,10,0,L,S,-0004,32923.9453,00000.3000,369,004,00000.8999,32920.2500,32923.6328,00010.0486,9-01,00006.0000,-0001,-0001,-0001,-0246,trace,0016636-99*55
$PDP,10,0,L,S,-0007,32924.5937,00000.3000,367,004,00000.8999,32920.2500,32923.6484,00009.9370,9-01,00041.0000,-0001,-0001,-0001,-0330,trace,0016711-99*55
$PDP,10,0,L,S,-0002,32927.3671,00000.3000,377,004,00000.8999,32920.2500,32923.6015,00009.7150,9-01,00064.0000,-0001,-0001,-0001,-0646,trace,0016787-99*55
$PDP,10,0,L,S,-0009,32919.0312,00000.3000,369,004,00000.8999,32920.2500,32923.9375,00009.6445,9-01,00097.0000,-0001,-0001,-0001,-0246,trace,0016862-99*55
$PDP,10,0,L,S,+0005,32910.6835,00000.3000,369,004,00000.8999,32920.2500,32924.1210,00009.6183,9-01,00032.0000,-0001,-0001,-0001,+0869,trace,0016937-99*55
$PDP,10,0,L,S,-0004,32917.7226,00000.3000,369,004,00000.8999,32920.2500,32924.1406,00009.4615,9-01,00028.0000,-0001,-0001,-0001,+0130,trace,0017012-99*55
$PDP,10,0,L,S,-0002,32923.8867,00000.3000,367,004,00000.8999,32920.2500,32924.3906,00009.5011,9-01,00012.0000,-0001,-0001,-0001,-0723,trace,0017088-99*55
$PDP,10,0,L,S,-0011,32922.7500,00000.3000,369,004,00000.8999,32920.2500,32924.3554,00009.1267,9-01,00025.0000,-0001,-0001,-0001,-0076,trace,0017163-99*55
$PDP,10,0,L,S,+0003,32922.7304,00000.3000,369,004,00000.8999,32920.2500,32924.3085,00008.9452,9-01,00027.0000,-0001,-0001,-0001,-0123,trace,0017238-99*55
$PDP,10,0,L,S,-0006,32921.3750,00000.3000,374,004,00000.8999,32920.2500,32924.3593,00008.8953,9-01,00063.0000,-0001,-0001,-0001,-0061,trace,0017313-99*55
$PDP,10,0,L,S,+0009,32922.6796,00000.3000,367,004,00000.8999,32920.2500,32924.4062,00008.7987,9-01,00032.0000,-0001,-0001,-0001,+0100,trace,0017389-99*55
$PDP,10,0,L,S,+0010,32919.6054,00000.3000,369,004,00000.8999,32921.5195,32924.4882,00008.5699,9-01,00040.0000,-0001,-0001,-0001,+0307,trace,0017464-99*55
$PDP,10,0,L,S,+0003,32922.2265,00000.3000,367,004,00000.8999,32921.5195,32924.5937,00008.5081,9-01,00078.0000,-0001,-0001,-0001,-0023,trace,0017539-99*55
$PDP,10,0,L,S,-0005,32921.5273,00000.3000,372,004,00000.8999,32921.5195,32924.6210,00008.4026,9-01,00048.0000,-0001,-0001,-0001,+0023,trace,0017615-99*55
$PDP,10,0,L,S,-0009,32921.9804,00000.3000,367,004,00000.8999,32921.5195,32924.6093,00008.2636,9-01,00002.0000,-0001,-0001,-0001,-0107,trace,0017690-99*55
$PDP,10,0,L,S,-0010,32922.1054,00000.3000,364,004,00000.8999,32921.5195,32924.6445,00008.0561,9-01,00090.0000,-0001,-0001,-0001,-0184,trace,0017765-99*55
$PDP,10,0,L,S,-0002,32920.6562,00000.3000,367,004,00000.8999,32921.5195,32924.6679,00007.9565,9-01,00035.0000,-0001,-0001,-0001,+0269,trace,0017840-99*55
$PDP,10,0,L,S,-0008,32924.8554,00000.3000,372,004,00000.8999,32921.5195,32924.7148,00007.8828,9-01,00015.0000,-0001,-0001,-0001,-0423,trace,0017916-99*55
$PDP,10,0,L,S,-0001,32924.4179,00000.3000,369,004,00000.8999,32921.5195,32924.7695,00007.8129,9-01,00059.0000,-0001,-0001,-0001,-0338,trace,0017991-99*55
$PDP,10,0,L,S,-0011,32923.9140,00000.3000,367,005,00000.8999,32921.5195,32924.8515,00007.6895,9-01,00009.0000,-0001,-0001,-0001,-0238,trace,0018066-99*55
$PDP,10,0,L,S,+0010,32924.4140,00000.3000,367,005,00000.8999,32921.5195,32924.9101,00007.6110,9-01,00059.0000,-0001,-0001,-0001,-0053,trace,0018141-99*55
$PDP,10,0,L,S,-0000,32925.7539,00000.3000,364,005,00000.8999,32921.5195,32924.9375,00007.4872,9-01,00025.0000,-0001,-0001,-0001,-0315,trace,0018217-99*55
$PDP,10,0,L,S,+0002,32925.3125,00000.3000,369,005,00000.8999,32921.5195,32924.9960,00007.4002,9-01,00069.0000,-0001,-0001,-0001,-0084,trace,0018292-99*55
$PDP,10,0,L,S,+0001,32921.0742,00000.3000,372,005,00000.8999,32922.0429,32924.9804,00007.0639,9-01,00093.0000,-0001,-0001,-0001,+0100,trace,0018367-99*55
$PDP,10,0,L,S,+0003,32924.2968,00000.3000,369,005,00000.8999,32922.0429,32925.0234,00006.9392,9-01,00071.0000,-0001,-0001,-0001,-0092,trace,0018443-99*55
$PDP,10,0,L,S,-0003,32919.4140,00000.3000,369,005,00000.8999,32922.0429,32924.9570,00006.7288,9-01,00059.0000,-0001,-0001,-0001,+0353,trace,0018518-99*55
$PDP,10,0,L,S,+0005,32920.6484,00000.3000,369,005,00000.8999,32922.0429,32924.9804,00006.6340,9-01,00036.0000,-0001,-0001,-0001,+0107,trace,0018593-99*55
$PDP,10,0,L,S,-0010,32927.7187,00000.3000,369,005,00000.8999,32922.0429,32925.0078,00006.4260,9-01,00028.0000,-0001,-0001,-0001,-0276,trace,0018668-99*55
$PDP,10,0,L,S,+0011,32922.2226,00000.3000,372,005,00000.8999,32922.0429,32925.0078,00006.3338,9-01,00078.0000,-0001,-0001,-0001,+0215,trace,0018744-99*55
$PDP,10,0,L,S,-0000,32922.2265,00000.3000,362,005,00000.8999,32922.0429,32925.1132,00006.3917,9-01,00078.0000,-0001,-0001,-0001,+0046,trace,0018819-99*55
$PDP,10,0,L,S,+0005,32923.5312,00000.3000,372,005,00000.8999,32922.0429,32925.1992,00006.3890,9-01,00047.0000,-0001,-0001,-0001,-0138,trace,0018894-99*55
$PDP,10,0,L,S,+0001,32922.1171,00000.3000,362,005,00000.8999,32922.0429,32925.1093,00006.1057,9-01,00089.0000,-0001,-0001,-0001,-0000,trace,0018969-99*55
$PDP,10,0,L,S,+0003,32923.1367,00000.3000,357,005,00000.8999,32922.0429,32925.0742,00005.9866,9-01,00087.0000,-0001,-0001,-0001,-0000,trace,0019045-99*55
$PDP,10,0,L,S,+0001,32922.4023,00000.3000,362,005,00000.8999,32922.0429,32925.1562,00005.9410,9-01,00060.0000,-0001,-0001,-0001,+0061,trace,0019120-99*55
$PDP,10,0,L,S,-0002,32921.0546,00000.3000,367,005,00000.8999,32922.0429,32925.1757,00005.9031,9-01,00095.0000,-0001,-0001,-0001,+0223,trace,0019195-99*55
$PDP,10,0,L,S,-0001,32921.9882,00000.3000,372,005,00000.8999,32922.6406,32925.2148,00005.7860,9-01,00002.0000,-0001,-0001,-0001,-0030,trace,0019270-99*55
$PDP,10,0,L,S,-0000,32922.7695,00000.3000,367,005,00000.8999,32922.6406,32925.1562,00005.6386,9-01,00023.0000,-0001,-0001,-0001,-0000,trace,0019346-99*55
$PDP,10,0,L,S,-0008,32922.0273,00000.3000,359,005,00000.8999,32922.6406,32925.1367,00005.5334,9-01,00098.0000,-0001,-0001,-0001,+0061,trace,0019421-99*55
$PDP,10,0,L,S,-0006,32922.8906,00000.3000,364,005,00000.8999,32922.6406,32925.1093,00005.4427,9-01,00011.0000,-0001,-0001,-0001,-0069,trace,0019496-99*55
$PDP,10,0,L,S,-0011,32922.5468,00000.3000,364,005,00000.8999,32922.6406,32925.0546,00005.2171,9-01,00046.0000,-0001,-0001,-0001,-0100,trace,0019572-99*55
$PDP,10,0,L,S,+0006,32922.5351,00000.3000,369,005,00000.8999,32922.6406,32925.0351,00005.1112,9-01,00047.0000,-0001,-0001,-0001,-0092,trace,0019647-99*55
$PDP,10,0,L,S,+0004,32922.7695,00000.3000,367,005,00000.8999,32922.6406,32924.9882,00005.0552,9-01,00023.0000,-0001,-0001,-0001,+0038,trace,0019722-99*55
$PDP,10,0,L,S,+0001,32923.6992,00000.3000,369,005,00000.8999,32922.6406,32924.9531,00005.0174,9-01,00030.0000,-0001,-0001,-0001,-0107,trace,0019797-99*55
$PDP,10,0,L,S,+0007,32924.5507,00000.3000,369,005,00000.8999,32922.6406,32924.8593,00004.8948,9-01,00045.0000,-0001,-0001,-0001,-0046,trace,0019873-99*55
$PDP,10,0,L,S,+0001,32923.0585,00000.3000,372,005,00000.8999,32922.6406,32924.8515,00004.7721,9-01,00095.0000,-0001,-0001,-0001,+0069,trace,0019948-99*55
$PDP,10,0,L,S,-0009,32921.7148,00000.3000,367,005,00000.8999,32922.6406,32924.8320,00004.6325,9-01,00029.0000,-0001,-0001,-0001,-0000,trace,0020023-99*55
$PDP,10,0,L,S,-0003,32921.9648,00000.3000,364,005,00000.8999,32922.6406,32924.7851,00004.5320,9-01,00004.0000,-0001,-0001,-0001,-0000,trace,0020098-99*55
$PDP,10,0,L,S,-0012,32923.7734,00000.3000,367,005,00000.8999,32922.7812,32924.7890,00004.3460,9-01,00023.0000,-0001,-0001,-0001,-0176,trace,0020174-99*55
$PDP,10,0,L,S,-0007,32924.9062,00000.3000,362,005,00000.8999,32922.7812,32924.7460,00004.2753,9-01,00010.0000,-0001,-0001,-0001,-0115,trace,0020249-99*55
$PDP,10,0,L,S,+0003,32921.6992,00000.3000,367,005,00000.8999,32922.7812,32924.7460,00004.2352,9-01,00030.0000,-0001,-0001,-0001,+0084,trace,0020324-99*55
$PDP,10,0,L,S,-0003,32924.0664,00000.3000,364,005,00000.8999,32922.7812,32924.7695,00004.1342,9-01,00094.0000,-0001,-0001,-0001,-0130,trace,0020400-99*55
$PDP,10,0,L,S,+0007,32925.0351,00000.3000,369,005,00000.8999,32922.7812,32924.6289,00003.9650,9-01,00097.0000,-0001,-0001,-0001,-0107,trace,0020475-99*55
$PDP,10,0,L,S,-0006,32922.1484,00000.3000,367,005,00000.8999,32922.7812,32924.5273,00003.8301,9-01,00086.0000,-0001,-0001,-0001,-0069,trace,0020550-99*55
$PDP,10,0,L,S,-0003,32920.0039,00000.3000,359,005,00000.8999,32922.7812,32924.5351,00003.7503,9-01,00100.0000,-0001,-0001,-0001,+0184,trace,0020625-99*55
$PDP,10,0,L,S,+0003,32919.7773,00000.3000,362,005,00000.8999,32922.7812,32924.4140,00003.4520,9-01,00023.0000,-0001,-0001,-0001,+0269,trace,0020701-99*55
$PDP,10,0,L,S,-0008,32921.6250,00000.3000,364,005,00000.8999,32922.7812,32924.3437,00003.2686,9-01,00038.0000,-0001,-0001,-0001,-0038,trace,0020776-99*55
$PDP,10,0,L,S,-0000,32922.6171,00000.3000,364,005,00000.8999,32922.7812,32924.3437,00003.1736,9-01,00039.0000,-0001,-0001,-0001,-0030,trace,0020851-99*55
$PDP,10,0,L,S,+0007,32924.8046,00000.3000,362,005,00000.8999,32922.7812,32924.2656,00003.0871,9-01,00020.0000,-0001,-0001,-0001,-0138,trace,0020926-99*55
$PDP,10,0,L,S,-0007,32923.9687,00000.3000,372,005,00000.8999,32922.5664,32924.1601,00002.9226,9-01,00003.0000,-0001,-0001,-0001,-0215,trace,0021002-99*55
$PDP,10,0,L,S,+0006,32922.4140,00000.3000,372,005,00000.8999,32922.5664,32924.1601,00002.8429,9-01,00059.0000,-0001,-0001,-0001,+0038,trace,0021077-99*55
$PDP,10,0,L,S,-0007,32923.9179,00000.3000,367,005,00000.8999,32922.5664,32924.1250,00002.7755,9-01,00009.0000,-0001,-0001,-0001,-0184,trace,0021152-99*55
$PDP,10,0,L,S,-0002,32926.6523,00000.3000,369,005,00000.8999,32922.5664,32924.1132,00002.6830,9-01,00035.0000,-0001,-0001,-0001,-0269,trace,0021227-99*55
$PDP,10,0,L,S,-0008,32927.6601,00000.3000,364,005,00000.8999,32922.5664,32924.1054,00002.5725,9-01,00034.0000,-0001,-0001,-0001,-0292,trace,0021303-99*55
$PDP,10,0,L,S,-0009,32926.0585,00000.3000,364,005,00000.8999,32922.5664,32924.1757,00002.5868,9-01,00095.0000,-0001,-0001,-0001,-0061,trace,0021378-99*55
$PDP,10,0,L,S,-0004,32922.0039,00000.3000,367,005,00000.8999,32922.5664,32924.3320,00002.6492,9-01,00100.0000,-0001,-0001,-0001,+0338,trace,0021453-99*55
$PDP,10,0,L,S,-0003,32924.3867,00000.3000,369,005,00000.8999,32922.5664,32924.4296,00002.6650,9-01,00062.0000,-0001,-0001,-0001,-0023,trace,0021529-99*55
$PDP,10,0,L,S,+0011,32923.4023,00000.3000,362,006,00000.8999,32922.5664,32924.4648,00002.5295,9-01,00060.0000,-0001,-0001,-0001,+0176,trace,0021604-99*55
$PDP,10,0,L,S,+0008,32920.4687,00000.3000,362,006,00000.8999,32922.5664,32924.4140,00002.4615,9-01,00053.0000,-0001,-0001,-0001,+0323,trace,0021679-99*55
$PDP,10,0,L,S,+0001,32922.6367,00000.3000,362,006,00000.8999,32922.5664,32924.3789,00002.3634,9-01,00037.0000,-0001,-0001,-0001,+0023,trace,0021754-99*55
$PDP,10,0,L,S,-0004,32923.3710,00000.3000,357,006,00000.8999,32922.5664,32924.3320,00002.2911,9-01,00063.0000,-0001,-0001,-0001,-0030,trace,0021830-99*55
$PDP,10,0,L,S,+0006,32922.3554,00000.3000,362,006,00000.8999,32923.2734,32924.1171,00002.0433,9-01,00065.0000,-0001,-0001,-0001,+0115,trace,0021905-99*55
$PDP,10,0,L,S,-0005,32924.2500,00000.3000,369,006,00000.8999,32923.2734,32924.1132,00001.9911,9-01,00075.0000,-0001,-0001,-0001,-0115,trace,0021980-99*55
$PDP,10,0,L,S,-0001,33069.8437,00000.3000,545,002,00000.6999,33062.1875,33073.3359,00027.6545,9-02,00016.0000,-0001,-0001,-0001,+0184,trace,0007375-70*55
$PDP,10,0,L,S,+0006,33068.0781,00000.3000,540,002,00000.6999,33062.1875,33072.9921,00025.3610,9-02,00093.0000,-0001,-0001,-0001,+0461,trace,0007450-71*55
$PDP,10,0,L,S,+0007,33072.0000,00000.3000,530,002,00000.6999,33065.4101,33072.9570,00024.3974,9-02,00100.0000,-0001,-0001,-0001,-0215,trace,0007526-72*55
$PDP,10,0,L,S,-0001,33062.6523,00000.3000,535,002,00000.6999,33065.4101,33072.8593,00023.4775,9-02,00035.0000,-0001,-0001,-0001,+0492,trace,0007601-73*55
$PDP,10,0,L,S,+0004,33065.5390,00000.3000,535,002,00000.6999,33065.4101,33072.6875,00022.5762,9-02,00046.0000,-0001,-0001,-0001,+0607,trace,0007676-73*55
$PDP,10,0,L,S,-0008,33067.0664,00000.3000,543,002,00000.6999,33065.4101,33072.3906,00020.8409,9-02,00094.0000,-0001,-0001,-0001,-0407,trace,0007751-74*55
$PDP,10,0,L,S,-0009,33067.7539,00000.3000,535,002,00000.6999,33065.4101,33072.2187,00020.0268,9-02,00025.0000,-0001,-0001,-0001,-0384,trace,0007827-75*55
$PDP,10,0,L,S,+0007,33074.7265,00000.3000,538,002,00000.6999,33065.4101,33072.0742,00019.2015,9-02,00028.0000,-0001,-0001,-0001,-0361,trace,0007902-76*55
$PDP,10,0,L,S,-0010,33071.5117,00000.3000,540,002,00000.6999,33065.4101,33071.9140,00018.3884,9-02,00049.0000,-0001,-0001,-0001,-0169,trace,0007977-76*55
$PDP,10,0,L,S,-0011,33070.9843,00000.3000,533,002,00000.6999,33065.4101,33071.7773,00016.7447,9-02,00002.0000,-0001,-0001,-0001,-0138,trace,0008052-77*55
$PDP,10,0,L,S,+0003,33069.8789,00000.3000,535,002,00000.6999,33065.4101,33071.7265,00015.9845,9-02,00012.0000,-0001,-0001,-0001,-0023,trace,0008128-78*55
$PDP,10,0,L,S,+0009,33067.8984,00000.3000,538,002,00000.6999,33065.4101,33071.7187,00015.2712,9-02,00011.0000,-0001,-0001,-0001,+0046,trace,0008203-79*55
$PDP,10,0,L,S,+0010,33070.3515,00000.3000,540,002,00000.6999,33065.4101,33071.6796,00014.5998,9-02,00065.0000,-0001,-0001,-0001,-0015,trace,0008278-79*55
$PDP,10,0,L,S,-0002,33068.5937,00000.3000,540,002,00000.6999,33065.4101,33071.4882,00013.4336,9-02,00041.0000,-0001,-0001,-0001,+0061,trace,0008353-80*55
$PDP,10,0,L,S,-0001,33070.5195,00000.3000,533,002,00000.6999,33067.4765,33071.4375,00012.8892,9-02,00048.0000,-0001,-0001,-0001,-0153,trace,0008429-81*55
$PDP,10,0,L,S,+0011,33067.9843,00000.3000,538,002,00000.6999,33067.4765,33071.3906,00012.3925,9-02,00002.0000,-0001,-0001,-0001,+0184,trace,0008504-82*55
$PDP,10,0,L,S,+0001,33071.5781,00000.3000,538,002,00000.6999,33067.4765,33071.3554,00011.9474,9-02,00043.0000,-0001,-0001,-0001,-0276,trace,0008579-82*55
$PDP,10,0,L,S,-0005,33070.1562,00000.3000,538,002,00000.6999,33067.4765,33071.2773,00011.1454,9-02,00085.0000,-0001,-0001,-0001,+0092,trace,0008655-83*55
$PDP,10,0,L,S,+0002,33068.8632,00000.3000,540,002,00000.6999,33067.4765,33071.2773,00010.7678,9-02,00014.0000,-0001,-0001,-0001,+0053,trace,0008730-84*55
$PDP,10,0,L,S,+0002,33071.6054,00000.3000,533,002,00000.6999,33067.4765,33071.2812,00010.3977,9-02,00040.0000,-0001,-0001,-0001,-0076,trace,0008805-85*55
$PDP,10,0,L,S,+0004,33069.2890,00000.3000,533,002,00000.6999,33067.4765,33071.9062,00011.8649,9-02,00071.0000,-0001,-0001,-0001,+0100,trace,0008880-85*55
$PDP,10,0,L,S,+0003,33067.6054,00000.3000,540,002,00000.6999,33067.4765,33071.9062,00011.4517,9-02,00040.0000,-0001,-0001,-0001,+0123,trace,0008956-86*55
$PDP,10,0,L,S,-0010,33069.3945,00000.3000,535,002,00000.6999,33067.4765,33071.8750,00011.0693,9-02,00061.0000,-0001,-0001,-0001,-0115,trace,0009031-87*55
$PDP,10,0,L,S,+0005,33071.4765,00000.3000,530,002,00000.6999,33067.4765,33071.8046,00010.7154,9-02,00053.0000,-0001,-0001,-0001,-0107,trace,0009106-88*55
$PDP,10,0,L,S,+0005,33069.6875,00000.3000,525,002,00000.6999,33067.4765,33071.7109,00010.0560,9-02,00032.0000,-0001,-0001,-0001,+0146,trace,0009181-88*55
$PDP,10,0,L,S,+0009,33069.0312,00000.3000,530,002,00000.6999,33067.4765,33071.7968,00009.7609,9-02,00097.0000,-0001,-0001,-0001,+0346,trace,0009257-89*55
$PDP,10,0,L,S,+0009,33072.6015,00000.3000,538,002,00000.6999,33068.9179,33071.8125,00009.4912,9-02,00040.0000,-0001,-0001,-0001,-0038,trace,0009332-90*55
$PDP,10,0,L,S,+0009,33069.7890,00000.3000,540,002,00000.6999,33068.9179,33071.8750,00009.2391,9-02,00021.0000,-0001,-0001,-0001,+0238,trace,0009407-91*55
$PDP,10,0,L,S,+0008,33069.2734,00000.3000,535,002,00000.6999,33068.9179,33071.9921,00008.7995,9-02,00073.0000,-0001,-0001,-0001,-0023,trace,0009482-91*55
$PDP,10,0,L,S,-0006,33070.3007,00000.3000,533,002,00000.6999,33068.9179,33071.9843,00008.5945,9-02,00070.0000,-0001,-0001,-0001,+0092,trace,0009558-92*55
$PDP,10,0,L,S,+0010,33068.9765,00000.3000,535,002,00000.6999,33068.9179,33071.9101,00008.3664,9-02,00003.0000,-0001,-0001,-0001,+0161,trace,0009633-93*55
$PDP,10,0,L,S,+0005,33071.6367,00000.3000,533,002,00000.6999,33068.9179,33071.8242,00008.1372,9-02,00037.0000,-0001,-0001,-0001,-0061,trace,0009708-94*55
$PDP,10,0,L,S,+0005,33068.9609,00000.3000,533,002,00000.6999,33068.9179,33071.8125,00007.7004,9-02,00004.0000,-0001,-0001,-0001,+0138,trace,0009784-94*55
$PDP,10,0,L,S,-0005,33068.0898,00000.3000,538,002,00000.6999,33068.9179,33071.8281,00007.4872,9-02,00091.0000,-0001,-0001,-0001,+0200,trace,0009859-95*55
$PDP,10,0,L,S,-0009,33073.1953,00000.3000,533,002,00000.6999,33068.9179,33071.8515,00007.2700,9-02,00081.0000,-0001,-0001,-0001,-0200,trace,0009934-96*55
$PDP,10,0,L,S,+0004,33068.5664,00000.3000,530,002,00000.6999,33068.9179,33071.9062,00007.0519,9-02,00044.0000,-0001,-0001,-0001,+0107,trace,0010009-97*55
$PDP,10,0,L,S,+0004,33069.2187,00000.3000,538,002,00000.6999,33068.9179,33071.9531,00006.6477,9-02,00078.0000,-0001,-0001,-0001,+0023,trace,0010085-97*55
$PDP,10,0,L,S,-0005,33069.6171,00000.3000,543,002,00000.6999,33068.9179,33071.9375,00006.4635,9-02,00039.0000,-0001,-0001,-0001,-0023,trace,0010160-98*55
$PDP,10,0,L,S,-0005,33071.9062,00000.3000,535,002,00000.6999,33069.9140,33071.8828,00006.2818,9-02,00010.0000,-0001,-0001,-0001,-0138,trace,0010235-99*55
$PDP,10,0,L,S,-0009,33068.3320,00000.3000,538,002,00000.6999,33069.9140,33071.8984,00006.1129,9-02,00067.0000,-0001,-0001,-0001,+0223,trace,0010310-99*55
$PDP,10,0,L,S,+0006,33069.3164,00000.3000,535,002,00000.6999,33069.9140,33071.8007,00005.7820,9-02,00069.0000,-0001,-0001,-0001,+0107,trace,0010386-99*55
$PDP,10,0,L,S,-0011,33069.6601,00000.3000,540,002,00000.6999,33069.9140,33071.7500,00005.6100,9-02,00034.0000,-0001,-0001,-0001,-0046,trace,0010461-99*55
$PDP,10,0,L,S,-0002,33070.6992,00000.3000,533,002,00000.6999,33069.9140,33071.7343,00005.4234,9-02,00030.0000,-0001,-0001,-0001,-0053,trace,0010536-99*55
$PDP,10,0,L,S,-0011,33071.7109,00000.3000,535,002,00000.6999,33069.9140,33071.6640,00005.2389,9-02,00029.0000,-0001,-0001,-0001,-0153,trace,0010612-99*55
$PDP,10,0,L,S,+0005,33071.8593,00000.3000,538,002,00000.6999,33069.9140,33071.6523,00004.9278,9-02,00014.0000,-0001,-0001,-0001,-0061,trace,0010687-99*55
$PDP,10,0,L,S,-0009,33072.2539,00000.3000,538,002,00000.6999,33069.9140,33071.6523,00004.8016,9-02,00075.0000,-0001,-0001,-0001,-0146,trace,0010762-99*55
$PDP,10,0,L,S,+0010,33070.5859,00000.3000,538,003,00000.6999,33069.9140,33071.7070,00004.6814,9-02,00042.0000,-0001,-0001,-0001,+0130,trace,0010837-99*55
$PDP,10,0,L,S,+0001,33067.9179,00000.3000,540,003,00000.6999,33069.9140,33071.7500,00004.5642,9-02,00009.0000,-0001,-0001,-0001,+0215,trace,0010913-99*55
$PDP,10,0,L,S,+0005,33068.2578,00000.3000,538,003,00000.6999,33069.9140,33071.6875,00004.3481,9-02,00075.0000,-0001,-0001,-0001,+0215,trace,0010988-99*55
$PDP,10,0,L,S,-0007,33066.7226,00000.3000,545,003,00000.6999,33069.9140,33071.6523,00004.2225,9-02,00028.0000,-0001,-0001,-0001,+0100,trace,0011063-99*55
$PDP,10,0,L,S,-0008,33068.0117,00000.3000,540,003,00000.6999,33070.2187,33074.7382,00009.6964,9-02,00099.0000,-0001,-0001,-0001,-0053,trace,0011138-99*55
$PDP,10,0,L,S,-0000,33072.6445,00000.3000,530,003,00000.6999,33070.2187,33074.4687,00009.2206,9-02,00036.0000,-0001,-0001,-0001,-0438,trace,0011214-99*55
$PDP,10,0,L,S,+0007,33072.5117,00000.3000,533,003,00000.6999,33070.2187,33074.0234,00008.3681,9-02,00049.0000,-0001,-0001,-0001,-0323,trace,0011289-99*55
$PDP,10,0,L,S,+0007,33073.3750,00000.3000,535,003,00000.6999,33070.2187,33073.9257,00008.0790,9-02,00063.0000,-0001,-0001,-0001,-0207,trace,0011364-99*55
$PDP,10,0,L,S,-0012,33074.6953,00000.3000,533,003,00000.6999,33070.2187,33073.8710,00007.8037,9-02,00031.0000,-0001,-0001,-0001,-0215,trace,0011439-99*55
$PDP,10,0,L,S,+0011,33074.3281,00000.3000,535,003,00000.6999,33070.2187,33073.7734,00007.5168,9-02,00068.0000,-0001,-0001,-0001,-0238,trace,0011515-99*55
$PDP,10,0,L,S,+0004,33071.5703,00000.3000,535,003,00000.6999,33070.2187,33073.7851,00007.1159,9-02,00043.0000,-0001,-0001,-0001,+0123,trace,0011590-99*55
$PDP,10,0,L,S,+0007,33072.2226,00000.3000,538,003,00000.6999,33070.2187,33073.7148,00006.9080,9-02,00078.0000,-0001,-0001,-0001,-0069,trace,0011665-99*55
$PDP,10,0,L,S,+0002,33073.9257,00000.3000,533,003,00000.6999,33070.2187,33073.6250,00006.6464,9-02,00008.0000,-0001,-0001,-0001,-0184,trace,0011741-99*55
$PDP,10,0,L,S,-0005,33075.1406,00000.3000,538,003,00000.6999,33070.2187,33073.4843,00006.3859,9-02,00086.0000,-0001,-0001,-0001,-0238,trace,0011816-99*55
$PDP,10,0,L,S,-0005,33073.6015,00000.3000,530,003,00000.6999,33070.2187,33073.4023,00006.0496,9-02,00040.0000,-0001,-0001,-0001,-0169,trace,0011891-99*55
$PDP,10,0,L,S,-0006,33068.7773,00000.3000,528,003,00000.6999,33070.2187,33073.4492,00005.9231,9-02,00023.0000,-0001,-0001,-0001,+0246,trace,0011966-99*55
$PDP,10,0,L,S,+0007,33072.1289,00000.3000,530,003,00000.6999,33070.7695,33073.4140,00005.7562,9-02,00087.0000,-0001,-0001,-0001,+0015,trace,0012042-99*55
$PDP,10,0,L,S,-0006,33071.1601,00000.3000,525,003,00000.6999,33070.7695,33073.3984,00005.6292,9-02,00084.0000,-0001,-0001,-0001,-0053,trace,0012117-99*55
$PDP,10,0,L,S,+0008,33070.4843,00000.3000,538,003,00000.6999,33070.7695,33073.2148,00005.2656,9-02,00052.0000,-0001,-0001,-0001,+0153,trace,0012192-99*55
$PDP,10,0,L,S,+0001,33070.9726,00000.3000,533,003,00000.6999,33070.7695,33073.1757,00005.0958,9-02,00003.0000,-0001,-0001,-0001,+0023,trace,0012267-99*55
$PDP,10,0,L,S,-0009,33074.2460,00000.3000,540,003,00000.6999,33070.7695,33073.1406,00004.9714,9-02,00076.0000,-0001,-0001,-0001,-0307,trace,0012343-99*55
$PDP,10,0,L,S,-0011,33074.0820,00000.3000,533,003,00000.6999,33070.7695,33073.0546,00004.8434,9-02,00092.0000,-0001,-0001,-0001,-0246,trace,0012418-99*55
$PDP,10,0,L,S,-0000,33072.1132,00000.3000,535,003,00000.6999,33070.7695,33073.0585,00004.6482,9-02,00089.0000,-0001,-0001,-0001,+0084,trace,0012493-99*55
$PDP,10,0,L,S,+0002,33069.5742,00000.3000,535,003,00000.6999,33070.7695,33073.0937,00004.5939,9-02,00043.0000,-0001,-0001,-0001,+0253,trace,0012569-99*55
$PDP,10,0,L,S,-0002,33068.3671,00000.3000,535,003,00000.6999,33070.7695,33073.0859,00004.4892,9-02,00064.0000,-0001,-0001,-0001,+0269,trace,0012644-99*55
$PDP,10,0,L,S,+0009,33069.9179,00000.3000,530,003,00000.6999,33070.7695,33073.1054,00004.4076,9-02,00009.0000,-0001,-0001,-0001,+0084,trace,0012719-99*55
$PDP,10,0,L,S,+0009,33070.1289,00000.3000,535,003,00000.6999,33070.7695,33072.9648,00004.1145,9-02,00087.0000,-0001,-0001,-0001,+0030,trace,0012794-99*55
$PDP,10,0,L,S,-0006,33072.7578,00000.3000,540,003,00000.6999,33070.7695,33072.8359,00003.9542,9-02,00025.0000,-0001,-0001,-0001,-0284,trace,0012870-99*55
$PDP,10,0,L,S,+0006,33068.2500,00000.3000,540,003,00000.6999,33071.1523,33072.7187,00003.8152,9-02,00075.0000,-0001,-0001,-0001,+0023,trace,0012945-99*55
$PDP,10,0,L,S,-0003,33068.7656,00000.3000,533,003,00000.6999,33071.1523,33072.5781,00003.5769,9-02,00024.0000,-0001,-0001,-0001,+0061,trace,0013020-99*55
$PDP,10,0,L,S,+0012,33067.7343,00000.3000,535,003,00000.6999,33071.1523,33072.5117,00003.4180,9-02,00027.0000,-0001,-0001,-0001,+0307,trace,0013095-99*55
$PDP,10,0,L,S,-0003,33066.6992,00000.3000,543,003,00000.6999,33071.1523,33072.4101,00003.1950,9-02,00030.0000,-0001,-0001,-0001,+0115,trace,0013171-99*55
$PDP,10,0,L,S,+0004,33068.0742,00000.3000,533,003,00000.6999,33071.1523,33072.2968,00003.0115,9-02,00093.0000,-0001,-0001,-0001,+0015,trace,0013246-99*55
$PDP,10,0,L,S,-0007,33066.9296,00000.3000,535,003,00000.6999,33071.1523,33072.0507,00002.6952,9-02,00007.0000,-0001,-0001,-0001,+0046,trace,0013321-99*55
$PDP,10,0,L,S,-0008,33068.5820,00000.3000,535,003,00000.6999,33071.1523,33072.0000,00002.5865,9-02,00042.0000,-0001,-0001,-0001,-0084,trace,0013396-99*55
$PDP,10,0,L,S,+0002,33070.8320,00000.3000,530,003,00000.6999,33071.1523,33071.8593,00002.4198,9-02,00017.0000,-0001,-0001,-0001,-0261,trace,0013472-99*55
$PDP,10,0,L,S,-0001,33070.1640,00000.3000,540,003,00000.6999,33071.1523,33071.7070,00002.2370,9-02,00084.0000,-0001,-0001,-0001,-0046,trace,0013547-99*55
$PDP,10,0,L,S,+0005,33069.6562,00000.3000,535,003,00000.6999,33071.1523,33071.6484,00002.1032,9-02,00035.0000,-0001,-0001,-0001,+0061,trace,0013622-99*55
$PDP,10,0,L,S,+0008,33069.0664,00000.3000,533,003,00000.6999,33071.1523,33071.6250,00002.0633,9-02,00094.0000,-0001,-0001,-0001,+0038,trace,0013698-99*55
$PDP,10,0,L,S,-0002,33069.7109,00000.3000,535,003,00000.6999,33071.1523,33071.6015,00001.9798,9-02,00029.0000,-0001,-0001,-0001,-0000,trace,0013773-99*55
$PDP,10,0,L,S,-0001,33070.0273,00000.3000,535,003,00000.6999,33070.3320,33071.5703,00001.9139,9-02,00098.0000,-0001,-0001,-0001,+0030,trace,0013848-99*55
$PDP,10,0,L,S,+0004,33071.5468,00000.3000,530,003,00000.6999,33070.3320,33071.4726,00001.7655,9-02,00046.0000,-0001,-0001,-0001,-0123,trace,0013923-99*55
$PDP,10,0,L,S,-0007,33070.8320,00000.3000,525,003,00000.6999,33070.3320,33071.3906,00001.6598,9-02,00017.0000,-0001,-0001,-0001,+0092,trace,0013999-99*55
$PDP,10,0,L,S,-0000,33069.5859,00000.3000,540,003,00000.6999,33070.3320,33071.3906,00001.6086,9-02,00042.0000,-0001,-0001,-0001,+0053,trace,0014074-99*55
$PDP,10,0,L,S,-0005,33069.5390,00000.3000,533,003,00000.6999,33070.3320,33071.4179,00001.5900,9-02,00046.0000,-0001,-0001,-0001,+0153,trace,0014149-99*55
$PDP,10,0,L,S,+0008,33069.0312,00000.3000,540,003,00000.6999,33070.3320,33071.3867,00001.4759,9-02,00097.0000,-0001,-0001,-0001,+0046,trace,0014224-99*55
$PDP,10,0,L,S,+0005,33070.4921,00000.3000,533,003,00000.6999,33070.3320,33071.2890,00001.3458,9-02,00051.0000,-0001,-0001,-0001,-0015,trace,0014300-99*55
$PDP,10,0,L,S,+0002,33068.6796,00000.3000,533,003,00000.6999,33070.3320,33071.1796,00001.2528,9-02,00032.0000,-0001,-0001,-0001,+0053,trace,0014375-99*55
$PDP,10,0,L,S,+0002,33071.1406,00000.3000,538,004,00000.6999,33070.3320,33071.1250,00001.1873,9-02,00086.0000,-0001,-0001,-0001,-0153,trace,0014450-99*55
$PDP,10,0,L,S,+0002,33070.8789,00000.3000,540,004,00000.6999,33070.3320,33070.9140,00000.9391,9-02,00012.0000,-0001,-0001,-0001,-0130,trace,0014526-99*55
$PDP,10,0,L,S,+0005,33070.2734,00000.3000,535,004,00000.6999,33070.3320,33070.8828,00000.8412,9-02,00073.0000,-0001,-0001,-0001,-0007,trace,0014601-99*55
$PDP,10,0,L,S,-0008,33069.3984,00000.3000,538,004,00000.6999,33070.3320,33070.9062,00000.8523,9-02,00061.0000,-0001,-0001,-0001,+0246,trace,0014676-99*55
$PDP,10,0,L,S,-0003,33070.8359,00000.3000,530,004,00000.6999,33069.8515,33070.9765,00000.8858,9-02,00017.0000,-0001,-0001,-0001,-0069,trace,0014751-99*55
$PDP,10,0,L,S,-0004,33068.5898,00000.3000,538,004,00000.6999,33069.8515,33071.0312,00000.7512,9-02,00041.0000,-0001,-0001,-0001,-0123,trace,0014827-99*55
$PDP,10,0,L,S,+0009,33068.3984,00000.3000,533,004,00000.6999,33069.8515,33071.0507,00000.6903,9-02,00061.0000,-0001,-0001,-0001,+0476,trace,0014902-99*55
$PDP,10,0,L,S,+0009,33068.1406,00000.3000,538,004,00000.6999,33069.8515,33071.0234,00000.6278,9-02,00086.0000,-0001,-0001,-0001,+0476,trace,0014977-99*55
$PDP,10,0,L,S,-0000,33075.9179,00000.3000,538,004,00000.6999,33069.8515,33070.9375,00000.5080,9-02,00009.0000,-0001,-0001,-0001,-0292,trace,0015052-99*55
$PDP,10,0,L,S,+0006,33067.1914,00000.3000,533,004,00000.6999,33069.8515,33070.7421,00000.3424,9-02,00081.0000,-0001,-0001,-0001,+0430,trace,0015128-99*55
$PDP,10,0,L,S,-0003,33072.9023,00000.3000,533,004,00000.6999,33069.8515,33070.6992,00000.3348,9-02,00010.0000,-0001,-0001,-0001,-0130,trace,0015203-99*55
$PDP,10,0,L,S,-0003,33069.7031,00000.3000,528,004,00000.6999,33069.8515,33070.7187,00000.3758,9-02,00030.0000,-0001,-0001,-0001,-0100,trace,0015278-99*55
$PDP,10,0,L,S,-0002,33070.6601,00000.3000,535,004,00000.6999,33069.8515,33070.6484,00000.2850,9-02,00034.0000,-0001,-0001,-0001,-0384,trace,0015353-99*55
$PDP,10,0,L,S,-0008,33071.8593,00000.3000,538,004,00000.6999,33069.8515,33070.7851,00000.4283,9-02,00014.0000,-0001,-0001,-0001,-0115,trace,0015429-99*55
$PDP,10,0,L,S,-0007,33071.9960,00000.3000,535,004,00000.6999,33069.8515,33070.6445,00000.3457,9-02,00001.0000,-0001,-0001,-0001,-0038,trace,0015504-99*55
$PDP,10,0,L,S,+0001,33072.4609,00000.3000,540,004,00000.6999,33069.8515,33070.5820,00000.3100,9-02,00054.0000,-0001,-0001,-0001,-0061,trace,0015579-99*55
$PDP,10,0,L,S,+0007,33071.8320,00000.3000,540,004,00000.6999,33070.4882,33070.5859,00000.3295,9-02,00017.0000,-0001,-0001,-0001,+0092,trace,0015655-99*55
$PDP,10,0,L,S,+0007,33071.2031,00000.3000,538,004,00000.6999,33070.4882,33070.6875,00000.3799,9-02,00080.0000,-0001,-0001,-0001,-0015,trace,0015730-99*55
$PDP,10,0,L,S,+0006,33071.1093,00000.3000,535,004,00000.6999,33070.4882,33070.7148,00000.4162,9-02,00089.0000,-0001,-0001,-0001,+0069,trace,0015805-99*55
$PDP,10,0,L,S,-0000,33073.1796,00000.3000,538,004,00000.6999,33070.4882,33070.7304,00000.4011,9-02,00082.0000,-0001,-0001,-0001,-0407,trace,0015880-99*55
$PDP,10,0,L,S,-0007,33076.0468,00000.3000,538,004,00000.6999,33070.4882,33070.7109,00000.3895,9-02,00096.0000,-0001,-0001,-0001,-0476,trace,0015956-99*55
$PDP,10,0,L,S,+0007,33072.5468,00000.3000,540,004,00000.6999,33070.4882,33070.7812,00000.4394,9-02,00046.0000,-0001,-0001,-0001,-0084,trace,0016031-99*55
$PDP,10,0,L,S,-0007,33075.8593,00000.3000,538,004,00000.6999,33070.4882,33070.8242,00000.5013,9-02,00014.0000,-0001,-0001,-0001,-0553,trace,0016106-99*55
$PDP,10,0,L,S,+0012,33072.8398,00000.3000,538,004,00000.6999,33070.4882,33070.8398,00000.5533,9-02,00016.0000,-0001,-0001,-0001,-0261,trace,0016181-99*55
$PDP,10,0,L,S,-0008,33075.7851,00000.3000,543,004,00000.6999,33070.4882,33070.8750,00000.5993,9-02,00022.0000,-0001,-0001,-0001,-0523,trace,0016257-99*55
$PDP,10,0,L,S,-0005,33068.0703,00000.3000,535,004,00000.6999,33070.4882,33070.9453,00000.6105,9-02,00093.0000,-0001,-0001,-0001,+0276,trace,0016332-99*55
$PDP,10,0,L,S,+0004,33071.3789,00000.3000,540,004,00000.6999,33070.4882,33070.9960,00000.6303,9-02,00062.0000,-0001,-0001,-0001,+0492,trace,0016407-99*55
$PDP,10,0,L,S,-0000,33067.5039,00000.3000,543,004,00000.6999,33070.4882,33071.1718,00000.7684,9-02,00050.0000,-0001,-0001,-0001,+0253,trace,0016483-99*55
$PDP,10,0,L,S,+0001,33064.8125,00000.3000,533,004,00000.6999,33071.7734,33071.2460,00000.8122,9-02,00019.0000,-0001,-0001,-0001,+0384,trace,0016558-99*55
$PDP,10,0,L,S,+0002,33073.5156,00000.3000,530,004,00000.6999,33071.7734,33071.3164,00000.8648,9-02,00049.0000,-0001,-0001,-0001,-0153,trace,0016633-99*55
$PDP,10,0,L,S,-0003,33074.6523,00000.3000,545,004,00000.6999,33071.7734,33071.2890,00000.8437,9-02,00035.0000,-0001,-0001,-0001,-0223,trace,0016708-99*55
$PDP,10,0,L,S,+0001,33078.7578,00000.3000,530,004,00000.6999,33071.7734,33071.2695,00000.7639,9-02,00025.0000,-0001,-0001,-0001,-0438,trace,0016784-99*55
$PDP,10,0,L,S,-0009,33073.5937,00000.3000,538,004,00000.6999,33071.7734,33071.3984,00000.8317,9-02,00041.0000,-0001,-0001,-0001,-0669,trace,0016859-99*55
$PDP,10,0,L,S,+0002,33063.2187,00000.3000,535,004,00000.6999,33071.7734,33071.7109,00000.9897,9-02,00078.0000,-0001,-0001,-0001,+0661,trace,0016934-99*55
$PDP,10,0,L,S,-0007,33069.8828,00000.3000,538,004,00000.6999,33071.7734,33071.7265,00000.9571,9-02,00012.0000,-0001,-0001,-0001,-0176,trace,0017009-99*55
$PDP,10,0,L,S,+0001,33077.5195,00000.3000,538,004,00000.6999,33071.7734,33071.9648,00001.0972,9-02,00048.0000,-0001,-0001,-0001,-0569,trace,0017085-99*55
$PDP,10,0,L,S,-0004,33074.3789,00000.3000,538,004,00000.6999,33071.7734,33071.9492,00000.9860,9-02,00062.0000,-0001,-0001,-0001,-0215,trace,0017160-99*55
$PDP,10,0,L,S,-0005,33074.0703,00000.3000,535,004,00000.6999,33071.7734,33071.9218,00000.9536,9-02,00093.0000,-0001,-0001,-0001,-0115,trace,0017235-99*55
$PDP,10,0,L,S,-0008,33072.4062,00000.3000,545,004,00000.6999,33071.7734,33072.0078,00001.0625,9-02,00060.0000,-0001,-0001,-0001,-0061,trace,0017310-99*55
$PDP,10,0,L,S,+0009,33072.7226,00000.3000,530,004,00000.6999,33071.7734,33072.0937,00001.1071,9-02,00028.0000,-0001,-0001,-0001,+0176,trace,0017386-99*55
$PDP,10,0,L,S,+0011,33069.6796,00000.3000,540,004,00000.6999,33072.6132,33072.2226,00001.1534,9-02,00032.0000,-0001,-0001,-0001,+0392,trace,0017461-99*55
$PDP,10,0,L,S,+0003,33073.3437,00000.3000,533,004,00000.6999,33072.6132,33072.3359,00001.2127,9-02,00066.0000,-0001,-0001,-0001,-0038,trace,0017536-99*55
$PDP,10,0,L,S,-0003,33072.7148,00000.3000,538,004,00000.6999,33072.6132,33072.3593,00001.2251,9-02,00029.0000,-0001,-0001,-0001,+0023,trace,0017612-99*55
$PDP,10,0,L,S,-0002,33073.2031,00000.3000,535,004,00000.6999,33072.6132,33072.3515,00001.1960,9-02,00080.0000,-0001,-0001,-0001,-0076,trace,0017687-99*55
$PDP,10,0,L,S,-0000,33073.6328,00000.3000,535,004,00000.6999,33072.6132,33072.4296,00001.2126,9-02,00037.0000,-0001,-0001,-0001,-0230,trace,0017762-99*55
$PDP,10,0,L,S,+0009,33070.9101,00000.3000,533,004,00000.6999,33072.6132,33072.4882,00001.2296,9-02,00009.0000,-0001,-0001,-0001,+0284,trace,0017837-99*55
$PDP,10,0,L,S,+0003,33076.4609,00000.3000,535,004,00000.6999,33072.6132,33072.5585,00001.2616,9-02,00054.0000,-0001,-0001,-0001,-0253,trace,0017913-99*55
$PDP,10,0,L,S,-0012,33076.5976,00000.3000,538,004,00000.6999,33072.6132,33072.6601,00001.3163,9-02,00041.0000,-0001,-0001,-0001,-0507,trace,0017988-99*55
$PDP,10,0,L,S,-0005,33075.7773,00000.3000,533,005,00000.6999,33072.6132,33072.8554,00001.4759,9-02,00023.0000,-0001,-0001,-0001,-0253,trace,0018063-99*55
$PDP,10,0,L,S,-0003,33075.2265,00000.3000,533,005,00000.6999,33072.6132,33072.9726,00001.5460,9-02,00078.0000,-0001,-0001,-0001,-0023,trace,0018138-99*55
$PDP,10,0,L,S,+0009,33076.8789,00000.3000,533,005,00000.6999,33072.6132,33073.0585,00001.5806,9-02,00012.0000,-0001,-0001,-0001,-0207,trace,0018214-99*55
$PDP,10,0,L,S,+0008,33075.1445,00000.3000,530,005,00000.6999,33072.6132,33073.1796,00001.6435,9-02,00086.0000,-0001,-0001,-0001,+0076,trace,0018289-99*55
$PDP,10,0,L,S,+0007,33071.8632,00000.3000,540,005,00000.6999,33072.9570,33073.2460,00001.5588,9-02,00014.0000,-0001,-0001,-0001,+0215,trace,0018364-99*55
$PDP,10,0,L,S,+0010,33075.3242,00000.3000,545,005,00000.6999,33072.9570,33073.3164,00001.5310,9-02,00068.0000,-0001,-0001,-0001,-0107,trace,0018440-99*55
$PDP,10,0,L,S,+0006,33070.2421,00000.3000,535,005,00000.6999,33072.9570,33073.2851,00001.4274,9-02,00076.0000,-0001,-0001,-0001,+0230,trace,0018515-99*55
$PDP,10,0,L,S,-0004,33071.6914,00000.3000,533,005,00000.6999,33072.9570,33073.3593,00001.4616,9-02,00031.0000,-0001,-0001,-0001,+0046,trace,0018590-99*55
$PDP,10,0,L,S,+0005,33077.5703,00000.3000,535,005,00000.6999,33072.9570,33073.4843,00001.4909,9-02,00043.0000,-0001,-0001,-0001,-0200,trace,0018665-99*55
$PDP,10,0,L,S,+0007,33072.9804,00000.3000,530,005,00000.6999,33072.9570,33073.5390,00001.5456,9-02,00002.0000,-0001,-0001,-0001,+0200,trace,0018741-99*55
$PDP,10,0,L,S,-0002,33073.5273,00000.3000,533,005,00000.6999,33072.9570,33073.7421,00001.7684,9-02,00048.0000,-0001,-0001,-0001,+0023,trace,0018816-99*55
$PDP,10,0,L,S,+0005,33074.5937,00000.3000,533,005,00000.6999,33072.9570,33073.8828,00001.9033,9-02,00041.0000,-0001,-0001,-0001,-0153,trace,0018891-99*55
$PDP,10,0,L,S,+0001,33073.2070,00000.3000,533,005,00000.6999,33072.9570,33073.9296,00001.9166,9-02,00080.0000,-0001,-0001,-0001,+0053,trace,0018966-99*55
$PDP,10,0,L,S,+0007,33073.7226,00000.3000,535,005,00000.6999,33072.9570,33073.9921,00001.9665,9-02,00028.0000,-0001,-0001,-0001,+0053,trace,0019042-99*55
$PDP,10,0,L,S,+0005,33073.0468,00000.3000,528,005,00000.6999,33072.9570,33074.1250,00002.0506,9-02,00096.0000,-0001,-0001,-0001,-0030,trace,0019117-99*55
$PDP,10,0,L,S,+0004,33071.9492,00000.3000,528,005,00000.6999,33072.9570,33074.2109,00002.1590,9-02,00005.0000,-0001,-0001,-0001,+0138,trace,0019192-99*55
$PDP,10,0,L,S,+0002,33073.1835,00000.3000,535,005,00000.6999,33073.5625,33074.3437,00002.3027,9-02,00082.0000,-0001,-0001,-0001,-0069,trace,0019267-99*55
$PDP,10,0,L,S,+0004,33074.1875,00000.3000,540,005,00000.6999,33073.5625,33074.3242,00002.2662,9-02,00082.0000,-0001,-0001,-0001,-0053,trace,0019343-99*55
$PDP,10,0,L,S,-0006,33073.4023,00000.3000,530,005,00000.6999,33073.5625,33074.3554,00002.2824,9-02,00060.0000,-0001,-0001,-0001,+0023,trace,0019418-99*55
$PDP,10,0,L,S,-0003,33074.4492,00000.3000,538,005,00000.6999,33073.5625,33074.3867,00002.3053,9-02,00055.0000,-0001,-0001,-0001,+0007,trace,0019493-99*55
$PDP,10,0,L,S,-0009,33074.5703,00000.3000,533,005,00000.6999,33073.5625,33074.4843,00002.3378,9-02,00043.0000,-0001,-0001,-0001,-0138,trace,0019569-99*55
$PDP,10,0,L,S,-0009,33074.4179,00000.3000,543,005,00000.6999,33073.5625,33074.5468,00002.3805,9-02,00059.0000,-0001,-0001,-0001,-0161,trace,0019644-99*55
$PDP,10,0,L,S,-0009,33074.5195,00000.3000,530,005,00000.6999,33073.5625,33074.5703,00002.4620,9-02,00048.0000,-0001,-0001,-0001,-0115,trace,0019719-99*55
$PDP,10,0,L,S,+0009,33074.7109,00000.3000,535,005,00000.6999,33073.5625,33074.6406,00002.5691,9-02,00029.0000,-0001,-0001,-0001,+0015,trace,0019794-99*55
$PDP,10,0,L,S,-0009,33075.0195,00000.3000,530,005,00000.6999,33073.5625,33074.7226,00002.7236,9-02,00098.0000,-0001,-0001,-0001,-0046,trace,0019870-99*55
$PDP,10,0,L,S,-0001,33074.2812,00000.3000,538,005,00000.6999,33073.5625,33074.7695,00002.7264,9-02,00072.0000,-0001,-0001,-0001,+0053,trace,0019945-99*55
$PDP,10,0,L,S,+0009,33073.6171,00000.3000,535,005,00000.6999,33073.5625,33074.7929,00002.7039,9-02,00039.0000,-0001,-0001,-0001,-0030,trace,0020020-99*55
$PDP,10,0,L,S,-0006,33073.6406,00000.3000,538,005,00000.6999,33073.5625,33074.7851,00002.7022,9-02,00036.0000,-0001,-0001,-0001,+0061,trace,0020095-99*55
$PDP,10,0,L,S,+0003,33075.8085,00000.3000,545,005,00000.6999,33073.8242,33074.8632,00002.6751,9-02,00020.0000,-0001,-0001,-0001,-0184,trace,0020171-99*55
$PDP,10,0,L,S,-0009,33076.2851,00000.3000,530,005,00000.6999,33073.8242,33074.8671,00002.6640,9-02,00072.0000,-0001,-0001,-0001,-0153,trace,0020246-99*55
$PDP,10,0,L,S,+0002,33072.2500,00000.3000,535,005,00000.6999,33073.8242,33074.9492,00002.6927,9-02,00075.0000,-0001,-0001,-0001,+0184,trace,0020321-99*55
$PDP,10,0,L,S,-0003,33074.6796,00000.3000,538,005,00000.6999,33073.8242,33075.0585,00002.7167,9-02,00032.0000,-0001,-0001,-0001,-0161,trace,0020397-99*55
$PDP,10,0,L,S,+0009,33075.7382,00000.3000,533,005,00000.6999,33073.8242,33074.9726,00002.6014,9-02,00027.0000,-0001,-0001,-0001,-0030,trace,0020472-99*55
$PDP,10,0,L,S,-0002,33073.4687,00000.3000,535,005,00000.6999,33073.8242,33074.9140,00002.5222,9-02,00053.0000,-0001,-0001,-0001,+0053,trace,0020547-99*55
$PDP,10,0,L,S,-0003,33070.9375,00000.3000,540,005,00000.6999,33073.8242,33074.9492,00002.4991,9-02,00007.0000,-0001,-0001,-0001,+0207,trace,0020622-99*55
$PDP,10,0,L,S,+0004,33070.1250,00000.3000,543,005,00000.6999,33073.8242,33074.8671,00002.4259,9-02,00088.0000,-0001,-0001,-0001,+0376,trace,0020698-99*55
$PDP,10,0,L,S,+0010,33072.1250,00000.3000,538,005,00000.6999,33073.8242,33074.8750,00002.2186,9-02,00088.0000,-0001,-0001,-0001,+0084,trace,0020773-99*55
$PDP,10,0,L,S,-0006,33074.1562,00000.3000,533,005,00000.6999,33073.8242,33074.8906,00002.1962,9-02,00085.0000,-0001,-0001,-0001,-0184,trace,0020848-99*55
$PDP,10,0,L,S,+0001,33076.6093,00000.3000,533,005,00000.6999,33073.8242,33074.8281,00002.1575,9-02,00039.0000,-0001,-0001,-0001,-0223,trace,0020923-99*55
$PDP,10,0,L,S,+0008,33075.7812,00000.3000,535,005,00000.6999,33073.8242,33074.7773,00002.1186,9-02,00022.0000,-0001,-0001,-0001,-0100,trace,0020999-99*55
$PDP,10,0,L,S,+0002,33072.7890,00000.3000,540,005,00000.6999,33073.7695,33074.8320,00002.0898,9-02,00021.0000,-0001,-0001,-0001,+0123,trace,0021074-99*55
$PDP,10,0,L,S,+0008,33074.5976,00000.3000,535,005,00000.6999,33073.7695,33074.8632,00002.1002,9-02,00041.0000,-0001,-0001,-0001,-0000,trace,0021149-99*55
$PDP,10,0,L,S,-0005,33077.8671,00000.3000,538,005,00000.6999,33073.7695,33074.8945,00002.0683,9-02,00014.0000,-0001,-0001,-0001,-0323,trace,0021224-99*55
$PDP,10,0,L,S,-0006,33077.8593,00000.3000,533,005,00000.6999,33073.7695,33074.9257,00002.0509,9-02,00014.0000,-0001,-0001,-0001,-0146,trace,0021300-99*55
$PDP,10,0,L,S,-0007,33076.6601,00000.3000,540,005,00000.6999,33073.7695,33075.0078,00002.1033,9-02,00034.0000,-0001,-0001,-0001,-0046,trace,0021375-99*55
$PDP,10,0,L,S,-0005,33072.6835,00000.3000,535,005,00000.6999,33073.7695,33075.1679,00002.1889,9-02,00032.0000,-0001,-0001,-0001,+0300,trace,0021450-99*55
$PDP,10,0,L,S,-0005,33076.1015,00000.3000,540,005,00000.6999,33073.7695,33075.2656,00002.2166,9-02,00090.0000,-0001,-0001,-0001,+0007,trace,0021526-99*55
$PDP,10,0,L,S,+0009,33074.7343,00000.3000,533,006,00000.6999,33073.7695,33075.3046,00002.1297,9-02,00027.0000,-0001,-0001,-0001,+0146,trace,0021601-99*55
$PDP,10,0,L,S,+0003,33071.4804,00000.3000,538,006,00000.6999,33073.7695,33075.2851,00002.1069,9-02,00052.0000,-0001,-0001,-0001,+0307,trace,0021676-99*55
$PDP,10,0,L,S,-0005,33074.2187,00000.3000,535,006,00000.6999,33073.7695,33075.2773,00002.0553,9-02,00078.0000,-0001,-0001,-0001,-0100,trace,0021751-99*55
$PDP,10,0,L,S,+0010,33074.6171,00000.3000,538,006,00000.6999,33073.7695,33075.2500,00002.0169,9-02,00039.0000,-0001,-0001,-0001,+0069,trace,0021827-99*55
$PDP,10,0,L,S,-0000,33073.7656,00000.3000,533,006,00000.6999,33074.3828,33075.0976,00001.8671,9-02,00024.0000,-0001,-0001,-0001,+0046,trace,0021902-99*55
$PDP,10,0,L,S,+0009,33076.1796,00000.3000,535,006,00000.6999,33074.3828,33075.1132,00001.8492,9-02,00082.0000,-0001,-0001,-0001,-0100,trace,0021977-99*55
$PDP,10,0,L,S,-0003,33074.5156,00000.3000,538,006,00000.6999,33074.3828,33075.0585,00001.7904,9-02,00049.0000,-0001,-0001,-0001,-0038,trace,0022052-99*55
$PDP,10,0,L,S,+0009,33075.7109,00000.3000,533,006,00000.6999,33074.3828,33075.0976,00001.7621,9-02,00029.0000,-0001,-0001,-0001,+0015,trace,0022128-99*55
$PDP,10,0,L,S,-0002,33073.9414,00000.3000,533,006,00000.6999,33074.3828,33075.0781,00001.6821,9-02,00006.0000,-0001,-0001,-0001,+0146,trace,0022203-99*55
$PDP,10,0,L,S,+0007,33075.6093,00000.3000,540,006,00000.6999,33074.3828,33075.1171,00001.6129,9-02,00039.0000,-0001,-0001,-0001,+0007,trace,0022278-99*55
$PDP,10,0,L,S,-0004,33075.7890,00000.3000,533,006,00000.6999,33074.3828,33075.1445,00001.5670,9-02,00021.0000,-0001,-0001,-0001,-0092,trace,0022354-99*55
$PDP,10,0,L,S,-0000,33075.3164,00000.3000,538,006,00000.6999,33074.3828,33075.1250,00001.5857,9-02,00069.0000,-0001,-0001,-0001,-0000,trace,0022429-99*55
$PDP,10,0,L,S,-0005,33074.7695,00000.3000,533,006,00000.6999,33074.3828,33075.1484,00001.5657,9-02,00023.0000,-0001,-0001,-0001,-0030,trace,0022504-99*55

$PDP,10,0,L,S,+0002,32922.5898,00000.3000,367,006,00000.8999,32923.2734,32924.0273,00001.9101,9-01,00041.0000,-0001,-0001,-0001,-0061,trace,0022055-99*55
$PDP,10,0,L,S,-0005,32923.8554,00000.3000,362,006,00000.8999,32923.2734,32924.0195,00001.8408,9-01,00015.0000,-0001,-0001,-0001,-0107,trace,0022131-99*55
$PDP,10,0,L,S,+0005,32922.3906,00000.3000,372,006,00000.8999,32923.2734,32923.9296,00001.6962,9-01,00061.0000,-0001,-0001,-0001,+0038,trace,0022206-99*55
$PDP,10,0,L,S,-0006,32923.8437,00000.3000,367,006,00000.8999,32923.2734,32923.9218,00001.5916,9-01,00016.0000,-0001,-0001,-0001,-0046,trace,0022281-99*55
$PDP,10,0,L,S,-0000,32924.3789,00000.3000,369,006,00000.8999,32923.2734,32923.9140,00001.5107,9-01,00062.0000,-0001,-0001,-0001,-0007,trace,0022357-99*55
$PDP,10,0,L,S,+0002,32923.7773,00000.3000,364,006,00000.8999,32923.2734,32923.8789,00001.5120,9-01,00023.0000,-0001,-0001,-0001,-0023,trace,0022432-99*55
$PDP,10,0,L,S,-0008,32923.2421,00000.3000,364,006,00000.8999,32923.2734,32923.8515,00001.4368,9-01,00076.0000,-0001,-0001,-0001,-0076,trace,0022507-99*55
